100
340
6860
11477
5929
8089
7324
5348
11795
11932
5743
3465
8780
2597
7369
4193
7950
1870
2660
4461
11406
11609
4639
8834
1034
10109
11463
8983
5355
11625
3263
1188
2681
1670
1684
8476
8411
986
10380
6597
10473
11657
9393
4489
10826
11212
10394
6356
7114
1613
144
312
10304
3740
2861
2708
10167
693
3325
2707
5237
240
6841
9305
8224
8288
233
9037
14251
3219
3520
275
850
8075
2787
3154
9984
1218
5083
11
3123
1761
5798
3106
864
9418
8776
9490
8035
4781
7379
8303
7705
3103
5799
645
1607
271
1295
1742
367
